3 0.37911209550793834 0.31901203398907724 0.00130095469741204 0.002312808350954812
3 0.41423787233806464 0.7052510285985312 0.00130095469741204 0.0023128083509548858
3 0.2284738088502205 0.23191215372749147 0.000656083478038173 0.0011534191352158747
3 0.2487897057803942 0.2590921949010215 0.0007790165535544253 0.0003462295793575408
3 0.24976347647233724 0.2590921949010215 0.00038950827677723345 0.0003462295793575408
3 0.6948914395539469 0.9721239510623673 0.037880872735411644 0.1044316491514086
0 0.46101679949279195 0.6226173164323671 0.0069674713530957725 0.014936801332126945
3 0.46993106431219406 0.6069518906450144 0.00020492562803227504 0.00036431222761285954
3 0.6431480316436671 0.5255020255401144 0.0004816121230419246 0.0068495946388190745
3 0.11867337498343375 0.4837972337184234 0.00016249279933377213 0.0008666282631134143
3 0.8902635165549534 0.41990542287102567 0.02573760057604616 0.04651832993003904
